name: seminar
channels:
  - defaults
  - conda-forge
dependencies:
  - asttokens=3.0.0=pyhd8ed1ab_1
  - bzip2=1.0.8=h2bbff1b_6
  - ca-certificates=2024.12.14=h56e8100_0
  - colorama=0.4.6=pyhd8ed1ab_1
  - comm=0.2.2=pyhd8ed1ab_1
  - debugpy=1.6.7=py311hd77b12b_0
  - decorator=5.1.1=pyhd8ed1ab_1
  - exceptiongroup=1.2.2=pyhd8ed1ab_1
  - executing=2.1.0=pyhd8ed1ab_1
  - importlib-metadata=8.5.0=pyha770c72_1
  - ipykernel=6.29.5=pyh4bbf305_0
  - ipython=8.30.0=pyh7428d3b_0
  - jedi=0.19.2=pyhd8ed1ab_1
  - jupyter_client=8.6.3=pyhd8ed1ab_1
  - jupyter_core=5.7.2=py311h1ea47a8_0
  - libffi=3.4.4=hd77b12b_1
  - libsodium=1.0.18=h8d14728_1
  - matplotlib-inline=0.1.7=pyhd8ed1ab_1
  - nest-asyncio=1.6.0=pyhd8ed1ab_1
  - openssl=3.0.15=h827c3e9_0
  - packaging=24.2=pyhd8ed1ab_2
  - parso=0.8.4=pyhd8ed1ab_1
  - pickleshare=0.7.5=pyhd8ed1ab_1004
  - pip=24.2=py311haa95532_0
  - platformdirs=4.3.6=pyhd8ed1ab_1
  - prompt-toolkit=3.0.48=pyha770c72_1
  - psutil=5.9.0=py311h2bbff1b_0
  - pure_eval=0.2.3=pyhd8ed1ab_1
  - pygments=2.18.0=pyhd8ed1ab_1
  - python=3.11.10=h4607a30_0
  - python-dateutil=2.9.0.post0=pyhff2d567_1
  - python_abi=3.11=2_cp311
  - pywin32=305=py311h2bbff1b_0
  - pyzmq=24.0.1=py311h7b3f143_1
  - setuptools=75.1.0=py311haa95532_0
  - six=1.17.0=pyhd8ed1ab_0
  - sqlite=3.45.3=h2bbff1b_0
  - stack_data=0.6.3=pyhd8ed1ab_1
  - tk=8.6.14=h0416ee5_0
  - tornado=6.2=py311ha68e1ae_1
  - traitlets=5.14.3=pyhd8ed1ab_1
  - typing_extensions=4.12.2=pyha770c72_1
  - ucrt=10.0.22621.0=h57928b3_1
  - vc=14.40=h2eaa2aa_1
  - vs2015_runtime=14.40.33807=h98bb1dd_1
  - wcwidth=0.2.13=pyhd8ed1ab_1
  - wheel=0.44.0=py311haa95532_0
  - xz=5.4.6=h8cc25b3_1
  - zeromq=4.3.4=h0e60522_1
  - zipp=3.21.0=pyhd8ed1ab_1
  - zlib=1.2.13=h8cc25b3_1
  - pip:
      - certifi==2024.8.30
      - fonttools==4.54.1
      - geopandas==1.0.1
      - imageio==2.36.0
      - kiwisolver==1.4.7
      - llvmlite==0.43.0
      - numba==0.60.0
      - pandas==2.2.3
      - pyogrio==0.10.0
      - pyproj==3.7.0
      - pytz==2024.2
      - shapely==2.0.6
      - tqdm==4.66.5
      - tzdata==2024.2
prefix: C:\Users\elias\anaconda3\envs\seminar
